4294967279,40
4294967278,121
4294967278,117
4294967278,112
4294967278,104
4294967278,103
4294967278,102
4294967278,333
4294967278,96
4294967278,94
4294967278,93
4294967278,92
4294967278,360
4294967278,86
4294967278,84
4294967278,81
4294967278,358
4294967278,79
4294967278,356
4294967278,76
4294967278,70
4294967278,68
4294967278,67
4294967278,65
4294967278,62
4294967278,60
4294967278,57
4294967278,56
4294967278,53
4294967278,51
4294967278,50
4294967278,49
4294967278,42
4294967278,41
4294967278,40
4294967278,39
4294967278,37
4294967278,36
4294967278,35
4294967278,34
4294967278,33
4294967278,32
4294967278,31
4294967278,30
4294967278,29
4294967278,28
4294967278,27
4294967278,25
4294967278,23
4294967278,22
4294967278,21
4294967278,20
4294967278,19
4294967278,18
4294967278,17
4294967278,16
4294967278,15
4294967278,14
4294967278,13
4294967278,12
4294967278,11
4294967278,10
4294967278,9
4294967278,8
4294967278,7
4294967278,6
4294967278,5
4294967278,4
4294967279,132
4294967279,131
4294967279,130
4294967279,129
4294967279,128
4294967279,127
4294967279,126
4294967279,125
4294967279,124
4294967279,123
4294967279,122
4294967279,121
4294967279,120
4294967279,119
4294967279,118
4294967279,117
4294967279,116
4294967279,115
4294967279,114
4294967279,113
4294967279,112
4294967279,111
4294967279,110
4294967279,109
4294967279,108
4294967279,34
4294967279,30
4294967279,28
4294967279,27
4294967279,26
4294967279,22
4294967279,20
4294967279,18
4294967279,16
4294967279,12
4294967279,10
4294967279,9
4294967279,7
4294967279,522
4294967279,520
4294967278,200
120,7
120,6
120,5
120,4
120,3
120,2
120,1
4294967278,327
4294967279,325
4294967278,189
4294967279,318
4294967279,548
4294967279,317
4294967278,323
4294967278,322
4294967279,315
4294967278,128
4294967278,126
4294967278,338
4294967278,125
4294967278,124
4294967278,119
4294967278,239
4294967278,115
4294967278,114
4294967278,386
4294967278,113
4294967278,109
4294967278,223
4294967278,106
4294967278,101
4294967278,335
4294967278,100
4294967278,98
4294967278,330
4294967278,95
4294967278,91
4294967278,384
4294967278,90
4294967278,89
4294967278,383
4294967278,87
4294967278,328
4294967278,85
4294967278,83
4294967278,82
4294967278,80
4294967278,78
4294967278,77
4294967278,74
4294967278,72
4294967278,71
4294967278,69
4294967278,66
4294967278,64
4294967278,54
4294967278,316
4294967278,48
4294967278,43
4294967278,295
4294967278,38
4294967278,294
4294967278,312
4294967278,293
4294967278,305
4294967278,26
4294967278,290
4294967278,24
4294967278,303
4294967278,344
4294967279,527
4294967279,238
4294967279,228
4294967279,322
4294967279,176
4294967279,260
4294967279,324
4294967279,35
4294967279,33
4294967279,285
4294967279,25
4294967279,575
4294967279,24
4294967279,296
4294967279,23
4294967279,21
4294967279,19
4294967279,14
4294967279,13
4294967279,323
4294967279,11
4294967279,8
4294967279,5
4294967278,175
4294967278,58
4294967278,318
4294967278,309
4294967279,566
4294967294,179
4294967294,384
4294967294,406
4294967294,160
4294967294,458
4294967294,466
4294967294,456
4294967294,386
4294967294,118
4294967279,312
4294967279,164
116,6
116,5
116,4
116,3
116,2
116,1
4294967278,45
4294967278,297
4294967279,156
4294967278,44
4294967278,369
4294967294,482
4294967279,342
4294967279,538
4294967279,153
113,7
4294967278,298
4294967294,162
4294967294,1088
4294967278,139
113,6
113,5
113,4
113,3
113,2
113,1
4294967278,275
4294967279,266
4294967278,272
4294967278,256
4294967279,15
4294967279,299
4294967278,343
4294967278,265
4294967278,280
4294967279,6
4294967279,257
4294967279,256
4294967279,564
4294967278,259
4294967278,123
4294967278,367
4294967279,4
4294967278,132
4294967278,379
4294967279,341
4294967278,131
4294967278,378
4294967279,532
4294967279,531
4294967279,530
4294967278,337
110,7
110,6
110,5
110,4
4294967278,254
110,3
110,2
110,1
4294967278,122
4294967278,252
4294967278,120
4294967279,246
4294967278,244
4294967278,240
4294967279,239
4294967279,234
4294967294,394
4294967294,24
4294967278,111
4294967278,233
4294967279,340
4294967279,174
4294967278,230
4294967279,230
4294967294,166
4294967294,165
4294967278,108
4294967279,226
4294967278,224
4294967279,223
4294967279,221
4294967278,220
4294967278,216
4294967278,99
4294967279,213
4294967278,334
4294967294,437
4294967279,521
4294967278,332
4294967278,401
4294967294,38
4294967294,37
4294967294,36
4294967294,39
4294967278,205
4294967279,205
4294967278,203
4294967279,201
4294967279,203
106,5
106,4
106,3
106,2
106,1
4294967278,201
4294967294,40
4294967279,200
4294967278,385
4294967279,199
4294967279,197
104,4
104,3
104,2
104,1
4294967279,552
4294967278,194
4294967279,191
4294967279,512
103,6
4294967278,75
4294967279,190
4294967279,321
4294967278,382
103,5
103,4
4294967279,186
103,3
103,2
103,1
4294967278,185
4294967279,185
4294967294,1422
4294967294,1421
4294967278,400
4294967279,339
4294967279,316
102,5
4294967279,181
102,4
102,3
102,2
102,1
4294967278,353
4294967294,115
4294967279,320
4294967278,63
4294967278,381
4294967278,61
4294967278,320
4294967279,172
4294967278,168
4294967278,170
101,5
4294967279,170
101,4
101,3
101,2
101,1
4294967279,519
4294967278,55
4294967279,167
4294967278,164
4294967294,408
4294967294,461
4294967294,459
4294967279,166
4294967278,399
4294967279,165
100,5
100,4
100,3
100,2
100,1
4294967278,160
4294967294,479
4294967279,158
4294967278,47
4294967278,299
4294967279,310
4294967279,157
4294967278,314
4294967278,154
4294967278,153
4294967279,151
98,4
98,3
98,2
98,1
4294967294,468
4294967279,306
4294967278,311
4294967279,305
4294967278,310
4294967294,388
4294967279,338
4294967279,288
4294967278,398
4294967294,392
4294967279,337
4294967279,32
4294967279,287
4294967278,292
